USERNAMES,TOTAL NUMBER: 34,ACCEPTANCE RATE: 9.80%
albettbu
emelyaur
meralynl
rivaharm
venonats
zettatyp
aricatop
colddulc
francede
kenaodil
rollammo
adarysel
andrewsh
azorjane
boriskar
butcherf
charisep
gumblelo
hybridsn
organalo
prunesgl
spinneta
tortugab
vladbran
willyavr
branchlo
fairyjul
jigsawla
quincjan
radishta
romandam
skipmani
tresafog
ullhorco
